666 Yves -858993460
5 5 10 8 11 14 564 142 1 0 +
9 2 7 2 11 5 557 96 2 0 -
4 1 3 0 6 8 632 77 1 0 -
2 2 4 6 1 8 618 206 1 0 *
9 7 16 14 20 21 603 1 3 0 +
5 5 10 11 8 5 596 120 0 0 +
6 2 3 7 8 1 588 36 3 0 /
8 3 24 19 26 28 575 231 1 0 *
5 4 20 22 17 18 567 27 2 0 *
1 1 0 4 5 2 561 164 3 0 -
9 2 7 11 3 6 554 42 1 0 -
2 1 3 4 6 8 545 157 3 0 +
4 2 2 0 5 7 538 144 3 0 /
1 1 2 4 7 0 530 220 3 0 +
6 3 2 0 7 1 523 55 0 0 /
6 1 5 3 6 10 514 167 0 0 -
6 6 12 10 9 13 507 249 3 0 +
7 2 9 5 7 13 499 240 3 0 +
6 3 2 1 6 0 492 66 2 0 /
9 3 3 5 7 2 484 89 3 0 /
6 3 3 7 2 5 477 50 1 0 -
9 3 12 17 16 11 468 113 2 0 +
2 1 3 1 2 8 461 280 0 0 +
5 1 6 2 7 11 453 5 3 0 +
6 2 3 7 8 5 446 184 2 0 /
3 1 4 9 3 5 437 89 1 0 +
2 2 4 8 0 1 430 92 3 0 +
2 1 2 6 3 1 422 243 2 0 *
6 2 3 8 4 6 415 267 0 0 /
4 2 2 7 5 3 407 100 3 0 /
6 1 5 4 2 6 400 12 2 0 -
7 5 12 13 10 7 392 89 3 0 +
5 3 8 11 7 9 385 208 2 0 +
6 3 2 5 7 3 378 8 3 0 /
9 4 13 9 17 12 371 165 0 0 +
7 6 42 40 37 45 363 38 1 0 *
1 1 0 3 5 1 356 228 1 0 -
7 6 13 11 12 15 347 135 3 0 +
6 2 3 2 0 4 340 124 1 0 /
9 6 54 55 56 53 331 212 1 0 *
4 2 2 5 4 3 323 226 3 0 /
9 1 10 5 12 14 314 202 1 0 +
6 2 4 9 2 1 308 251 0 0 -
9 8 1 3 4 5 299 273 2 0 -
6 3 2 3 4 1 292 173 0 0 /
2 2 0 3 1 4 284 240 2 0 -
9 3 6 11 3 1 277 188 2 0 -
4 2 2 0 5 4 268 85 2 0 /
6 4 24 27 22 19 260 180 2 0 *
1 1 1 2 4 6 251 184 3 0 *
2 1 3 8 7 4 244 46 3 0 +
1 1 1 2 6 0 236 257 3 0 *
4 1 4 8 3 9 228 41 0 0 *
2 1 1 0 3 4 220 133 3 0 -
8 4 2 7 0 3 210 149 3 0 /
8 4 2 6 1 3 204 276 2 0 /
8 5 13 11 9 17 194 138 0 0 +
3 1 2 4 5 6 178 76 1 0 -
9 3 12 8 9 11 168 200 3 0 +
7 6 1 0 6 4 160 156 1 0 -
6 2 12 14 17 13 151 263 2 0 *
5 1 4 7 6 8 143 78 2 0 -
8 2 4 7 6 5 134 8 1 0 /
4 2 8 5 6 13 126 187 2 0 *
7 6 1 4 3 2 118 36 2 0 -
6 3 2 4 6 7 109 250 1 0 /
5 3 2 6 5 1 98 180 1 0 -
8 3 24 25 22 26 89 92 3 0 *
8 4 12 10 8 13 82 84 0 0 +
4 2 6 3 10 8 74 176 0 0 +
7 3 10 5 15 14 66 45 0 0 +
5 4 9 13 4 10 48 16 2 0 +
8 4 2 1 6 7 40 76 1 0 /
9 3 3 0 2 7 9 229 0 0 /
6 6 0 4 5 1 2 247 3 0 -
1 1 1 6 5 2 -7 52 1 0 *
5 2 10 7 11 5 -14 12 2 0 *
8 4 2 3 1 7 -23 177 1 0 /
4 1 5 10 8 1 -31 197 2 0 +
1 1 1 4 6 5 -39 255 0 0 *
6 3 2 3 4 7 -47 25 3 0 /
7 5 35 37 33 31 -57 207 2 0 *
4 2 8 4 9 6 -65 94 1 0 *
8 2 4 3 6 5 -74 171 3 0 /
6 6 12 7 16 15 -84 92 2 0 +
7 6 13 10 12 18 -94 105 2 0 +
4 4 16 14 17 20 -104 41 3 0 *